(100)
    562015264[63]1 51 17 68 2 16 80 20 10 100 5 95 19 57 3 6 66 33 99 11 22 44 88 8 64 32 96 48 24 72 36 12 60 30 15 45 90 18 54 27 81 9 63 21 42 84 28 56 14 98 49 7 91 13 39 78 26 52 4 92 46 23 69 
    impr to:
    [68]1 51 17 34 68 2 16 80 40 20 10 50 100 25 75 5 95 19 57 3 6 66 33 99 11 22 44 88 8 64 32 96 48 24 72 36 12 60 30 15 45 90 18 54 27 81 9 63 21 42 84 28 56 14 98 49 7 91 13 39 78 26 52 4 92 46 23 69
    impr to:
    [71]93 31 62 1 51 17 34 68 2 16 80 40 20 10 50 100 25 75 5 95 19 57 3 6 66 33 99 11 22 44 88 8 64 32 96 48 24 72 36 12 60 30 15 45 90 18 54 27 81 9 63 21 42 84 28 56 14 98 49 7 91 13 39 78 26 52 4 92 46 23 69

promising (lots of computation):
1547516520[64]21 1 47 94 2 76 38 19 57 3 45 5 25 50 100 20 10 40 8 64 16 32 96 48 24 72 36 12 60 30 15 90 18 54 27 81 9 99 33 11 88 44 22 66 6 42 84 28 56 14 98 49 7 91 13 39 78 26 52 4 92 46 23 69 
2496248856[64]46 92 2 24 3 96 12 48 6 18 54 27 81 9 90 1 38 76 19 95 5 85 17 34 68 4 52 26 78 39 13 91 7 77 11 99 33 66 22 44 88 8 32 64 16 80 40 20 60 30 15 75 25 50 100 10 70 14 56 28 84 42 21 63 

(runners up to 100)
    198735405[68]17 34 68 4 76 19 38 1 69 23 46 92 2 32 8 64 16 96 6 54 18 90 45 5 65 13 52 26 78 39 3 36 72 24 48 12 60 30 15 75 25 50 100 20 40 80 10 70 35 7 77 11 44 88 22 66 33 99 9 63 21 42 84 28 56 14 98 49
    [66]54 18 3 93 31 62 2 68 34 17 85 1 65 13 52 26 78 6 84 4 56 28 7 77 11 99 33 66 22 44 88 8 64 32 96 16 80 20 40 10 100 50 25 75 15 45 90 30 60 12 48 24 72 36 9 63 21 42 14 70 35 5 95 19 38 76
    [66]76 38 19 95 1 32 64 16 48 8 4 40 80 10 90 30 15 45 5 35 70 2 68 34 17 51 3 33 99 11 44 88 22 66 6 78 26 52 13 91 7 49 98 14 56 28 84 42 21 63 9 81 27 54 18 36 72 24 96 12 60 20 100 50 25 75
    [63]35 70 1 37 74 2 56 7 42 3 36 72 12 48 24 96 32 64 16 80 20 5 85 17 34 68 4 52 26 13 39 78 6 66 33 99 11 22 44 88 8 40 10 50 100 25 75 15 60 30 90 18 54 27 81 9 63 21 84 28 14 98 49
    [63]38 19 76 2 16 4 68 34 17 51 1 54 27 9 81 3 18 36 6 90 30 15 60 12 72 24 48 96 32 64 8 88 44 22 66 33 99 11 55 5 75 25 50 100 20 40 80 10 70 14 56 28 84 42 21 63 7 91 13 39 78 26 52
    [62]27 81 3 33 99 11 66 22 88 2 44 1 49 98 7 28 56 8 40 10 90 9 45 15 75 25 50 100 20 80 16 64 32 96 48 24 72 36 18 54 6 30 60 12 84 21 42 14 70 35 5 95 19 38 76 4 52 26 78 39 13 65
    [62]21 63 7 49 98 2 34 17 68 4 64 32 96 6 60 5 45 90 18 54 1 35 70 10 30 15 75 25 50 100 20 40 80 16 48 24 72 36 12 84 42 14 28 56 8 88 11 44 22 66 33 99 9 27 81 3 39 78 26 52 13 65
    [61]12 36 72 6 48 24 2 28 84 3 78 39 13 26 52 4 56 8 40 5 35 70 14 42 21 63 7 77 11 88 44 22 66 33 99 9 81 27 54 18 90 45 15 75 25 100 50 10 30 60 20 80 16 64 32 96 1 57 19 76 38
    [59]35 7 21 42 3 63 9 81 27 54 6 66 22 44 88 11 99 33 1 43 86 2 40 4 16 8 64 32 96 48 24 72 18 36 12 84 28 56 14 70 10 50 100 25 75 15 45 90 30 60 20 80 5 65 13 52 26 78 39

(27, finished)
    2807756284[23]15 5 10 20 4 16 8 24 12 6 18 9 27 3 21 7 14 2 22 11 1 13 26

(28, finished)
    2499171601[24]15 5 10 20 4 28 14 7 21 3 27 9 18 6 12 24 8 16 1 13 26 2 22 11

(29, finished)
    3042865727[24]26 13 1 11 22 2 16 8 24 12 6 18 9 27 3 15 5 10 20 4 28 14 7 21

(30, finished)
    3939346397[26]14 28 7 21 3 27 9 18 6 12 24 8 16 4 20 10 30 15 5 25 1 13 26 2 22 11

(35)
    3769761387[29]15 30 10 20 5 35 7 14 28 4 16 32 8 24 12 6 18 9 27 3 33 11 22 2 26 13 1 17 34
